47 471
243 453
20
0.2 0.09 0
243 453
255 250
20
0.2 0.09 0
255 250
49 246
20
0.2 0.09 0
49 246
45 474
20
0.2 0.09 0
45 474
153 458
20
0.2 0.09 0
153 458
164 248
20
0.2 0.09 0
164 248
67 260
5
0.2 0.09 0
67 260
55 288
5
0.2 0.09 0
55 288
265 288
5
0.2 0.09 0
265 288
260 316
5
0.2 0.09 0
260 316
62 313
5
0.2 0.09 0
62 313
57 348
5
0.2 0.09 0
57 348
254 345
5
0.2 0.09 0
254 345
255 376
5
0.2 0.09 0
255 376
59 377
5
0.2 0.09 0
59 377
56 414
5
0.2 0.09 0
56 414
258 405
5
0.2 0.09 0
258 405
258 430
5
0.2 0.09 0
258 430
59 446
5
0.2 0.09 0
59 446
63 255
5
0.2 0.09 0
63 255
63 249
5
0.2 0.09 0
63 249
62 246
5
0.2 0.09 0
62 246
58 144
5
1 1 1
58 144
490 140
15
0.2 0.09 0
490 140
604 207
15
1 1 1
604 207
858 203
15
0.2 0.09 0
858 203
843 205
15
0.2 0.09 0
843 205
846 190
15
0.2 0.09 0
846 190
621 195
15
0.2 0.09 0
621 195
622 193
15
0.2 0.09 0
622 193
644 195
15
0.2 0.09 0
644 195
622 194
15
0.2 0.09 0
622 194
625 39
15
0.2 0.09 0
625 39
627 202
15
0.2 0.09 0
627 202
850 198
15
0.2 0.09 0
850 198
857 34
15
0.2 0.09 0
857 34
852 200
15
0.2 0.09 0
852 200
829 200
15
0.2 0.09 0
829 200
836 47
13
0.2 0.09 0
836 47
649 55
13
1 1 1
649 55
652 205
13
0.2 0.09 0
652 205
653 211
13
0.2 0.09 0
653 211
606 210
13
0.2 0.09 0
606 210
518 127
13
1 1 1
518 127
505 65
13
1 1 1
505 65
521 30
13
1 1 1
521 30
479 44
13
1 1 1
479 44
487 86
13
1 1 1
487 86
471 124
13
1 1 1
471 124
471 37
7
0 0 0
471 37
472 138
7
0 0 0
472 138
460 139
7
0 0 0
460 139
462 63
7
0 0 0
462 63
463 137
7
0 0 0
463 137
92 143
7
0 0 0
92 143
94 68
7
0 0 0
94 68
96 147
7
0 0 0
96 147
79 144
7
0 0 0
79 144
80 42
7
0 0 0
80 42
537 18
7
1 1 1
537 18
521 250
7
1 1 1
521 250
381 251
7
1 1 1
381 251
389 427
7
1 1 1
389 427
392 431
7
0 0 0
392 431
615 431
7
0 0 0
615 431
623 289
7
0 0 0
623 289
395 281
7
0 0 0
395 281
394 434
7
0 0 0
394 434
451 434
7
0 0 0
451 434
451 442
7
0 0 0
451 442
457 441
7
0 0 0
457 441
460 437
7
0 0 0
460 437
458 437
7
0 0 0
458 437
557 436
7
0 0 0
557 436
563 445
7
0 0 0
563 445
567 441
7
0 0 0
567 441
566 437
7
0 0 0
566 437
566 439
7
0 0 0
566 439
567 435
7
0 0 0
567 435
616 434
7
0 0 0
